# SEM核心变量相关性矩阵

**生成时间**: 2026-02-20  
**分析方法**: Pearson相关系数  
**样本量**: N=500

---

## 一、相关性矩阵

| | TTF | SI | PV | RD | RV | BI |
|--|-----|-----|-----|-----|-----|-----|
| **TTF** | 1.000 | 0.144 | 0.160 | **-0.329** | 0.164 | 0.160 |
| **SI** | 0.144 | 1.000 | -0.003 | **-0.225** | -0.057 | 0.071 |
| **PV** | 0.160 | -0.003 | 1.000 | -0.059 | **0.413** | **0.206** |
| **RD** | **-0.329** | **-0.225** | -0.059 | 1.000 | -0.099 | -0.041 |
| **RV** | 0.164 | -0.057 | **0.413** | -0.099 | 1.000 | **0.232** |
| **BI** | 0.160 | 0.071 | **0.206** | -0.041 | **0.232** | 1.000 |

---

## 二、变量说明

| 变量代码 | 变量名称 | 题项数 | 均值 | 标准差 |
|----------|----------|--------|------|--------|
| TTF | 任务技术匹配 | 4 | 3.55 | 0.45 |
| SI | 社会影响 | 4 | 2.67 | 0.35 |
| PV | 感知价值 | 4 | 3.44 | 0.44 |
| RD | 风险感知 | 8 | 3.02 | 0.28 |
| RV | 收益感知 | 6 | 3.38 | 0.35 |
| BI | 使用意愿 | 4 | 3.05 | 0.34 |

---

## 三、研究假设验证情况

| 假设 | 路径 | 相关系数 | 方向 | 状态 |
|------|------|----------|------|------|
| H1 | TTF → PV | r=0.160 | 正向 | ✓ 符合预期 |
| H2 | SI → PV | r=-0.003 | 无相关 | ⚠ 需进一步检验 |
| H3 | PV → BI | r=0.206 | 正向 | ✓ 符合预期 |
| H4 | RD → BI | r=-0.041 | 负向 | ✓ 符合预期 |
| H5 | SI调节作用 | - | - | 需SEM检验 |

---

## 四、关键发现

### 4.1 显著相关关系 (|r| > 0.2)

| 变量对 | 相关系数 | 关系强度 | 解释 |
|--------|----------|----------|------|
| TTF ↔ RD | -0.329 | 中等负相关 | 任务技术匹配越高，风险感知越低 |
| PV ↔ RV | 0.413 | 中等正相关 | 感知价值越高，收益感知越高 |
| SI ↔ RD | -0.225 | 弱负相关 | 社会影响越大，风险感知越低 |
| RV ↔ BI | 0.232 | 弱正相关 | 收益感知越高，使用意愿越高 |
| PV ↔ BI | 0.206 | 弱正相关 | 感知价值越高，使用意愿越高 |

### 4.2 理论模型验证

```
研究假设模型:

        TTF ──────┐
                  │
                  ▼
        SI ────► PV ────► BI
                  │       ▲
                  ▼       │
        RD ────────────►(负向)
                  │
                  ▼
        RV ──────────────►

相关性支持情况:
- TTF → PV: r=0.160 ✓
- SI → PV: r=-0.003 ⚠ (弱)
- PV → BI: r=0.206 ✓
- RD → BI: r=-0.041 ✓ (负向)
- PV → RV: r=0.413 ✓
- RV → BI: r=0.232 ✓
```

---

## 五、后续分析建议

1. **信效度检验**: 验证各量表的内部一致性和结构效度
2. **SEM建模**: 使用结构方程模型检验假设路径的显著性
3. **调节效应**: 检验SI在TTF与PV之间的调节作用
4. **多群组分析**: 比较不同行业、企业规模的路径差异
